Run time: 0.12431216239929199 SEC
Solver time: 0.069131
Optimal value: 368.0
Solution:
x2_2_22 = 1.0
x2_13_14 = 1.0
x2_14_15 = 1.0
x2_15_16 = 1.0
x2_16_17 = 1.0
x2_17_255 = 1.0
x2_22_23 = 1.0
x2_23_13 = 1.0
x24_24_25 = 1.0
x24_25_48 = 1.0
x24_48_71 = 1.0
x24_71_94 = 1.0
x24_94_117 = 1.0
x24_117_140 = 1.0
x24_140_163 = 1.0
x24_163_183 = 1.0
x24_174_175 = 1.0
x24_175_176 = 1.0
x24_176_177 = 1.0
x24_177_254 = 1.0
x24_183_184 = 1.0
x24_184_174 = 1.0
