Run time: 634.7657120227814 SEC
Solver time: 57.399548
Total time: 634.352123
Reading time: 0.0
Presolving time: 15.724593
Optimal value: 1200.0
Solution:
x2_2_394 = 1.0
x2_394_786 = 1.0
x2_786_1178 = 1.0
x2_1178_1570 = 1.0
x2_1570_1962 = 1.0
x2_1962_2354 = 1.0
x2_2354_2746 = 1.0
x2_2746_3138 = 1.0
x2_3138_3530 = 1.0
x2_3530_3924 = 1.0
x2_3924_4316 = 1.0
x2_4316_4702 = 1.0
x2_4702_5094 = 1.0
x2_5094_5488 = 1.0
x2_5488_5880 = 1.0
x2_5880_6266 = 1.0
x2_6266_6658 = 1.0
x2_6658_7052 = 1.0
x2_7052_7444 = 1.0
x2_7444_7674 = 1.0
x2_7674_7904 = 1.0
x2_7904_8134 = 1.0
x2_8134_8364 = 1.0
x2_8364_8594 = 1.0
x2_8594_8824 = 1.0
x2_8824_9054 = 1.0
x2_9054_9284 = 1.0
x2_9284_9514 = 1.0
x2_9514_9906 = 1.0
x2_9906_10136 = 1.0
x2_10136_10366 = 1.0
x2_10366_82800 = 1.0
