Run time: 0.09289813041687012 SEC
Solver time: 0.062148999999999996
Total time: 0.09103
Reading time: 0.0
Presolving time: 0.049507999999999996
Optimal value: 368.0
Solution:
x2_2_22 = 1.0
x2_13_14 = 1.0
x2_14_15 = 1.0
x2_15_16 = 1.0
x2_16_17 = 1.0
x2_17_255 = 1.0
x2_22_23 = 1.0
x2_23_13 = 1.0
x24_24_25 = 1.0
x24_25_45 = 1.0
x24_45_68 = 1.0
x24_68_91 = 1.0
x24_91_114 = 1.0
x24_114_115 = 1.0
x24_115_138 = 1.0
x24_138_161 = 1.0
x24_151_152 = 1.0
x24_152_153 = 1.0
x24_153_154 = 1.0
x24_154_254 = 1.0
x24_161_151 = 1.0
